              precision    recall  f1-score   support

           0       0.66      0.58      0.61        33
           1       1.00      0.47      0.64        32
           2       0.79      0.64      0.71        42
           3       0.89      0.36      0.52        22
           4       0.70      0.47      0.57        40
           5       0.93      0.38      0.54        34
           6       0.88      0.70      0.78        30
           7       1.00      0.40      0.57        30
           8       0.21      0.91      0.34        22
           9       0.88      0.53      0.66        40
          10       0.68      0.61      0.64        28
          11       1.00      0.24      0.38        42
          12       0.89      0.40      0.55        43
          13       0.76      0.61      0.68        31
          14       0.75      0.18      0.29        34
          15       0.82      0.36      0.50        25
          16       0.69      0.36      0.47        25
          17       0.45      0.54      0.49        24
          18       0.29      0.70      0.41        20
          19       0.40      0.52      0.45        33
          20       0.49      0.76      0.60        37
          21       0.55      0.49      0.52        35
          22       0.66      0.58      0.62        36
          23       1.00      0.70      0.83        37
          24       0.84      0.57      0.68        28
          25       0.48      0.58      0.53        36
          26       0.69      0.72      0.70        46
          27       0.96      0.83      0.89        30
          28       0.46      0.60      0.52        30
          29       0.41      0.42      0.42        26
          30       0.59      0.93      0.72        29
          31       0.61      0.65      0.62        31
          32       0.92      0.60      0.73        20
          33       0.52      0.86      0.65        28
          34       0.62      0.50      0.55        32
          35       0.46      0.55      0.50        33
          36       0.69      0.73      0.71        30
          37       0.51      0.72      0.60        36
          38       0.43      0.64      0.52        39
          39       0.70      0.82      0.75        28
          40       0.86      0.61      0.71        41
          41       0.47      0.68      0.56        40
          42       1.00      0.12      0.22        40
          43       0.79      0.53      0.63        36
          44       1.00      0.21      0.35        33
          45       0.50      0.30      0.37        30
          46       0.37      0.93      0.53        28
          47       0.91      0.32      0.48        31
          48       0.70      0.64      0.67        25
          49       0.60      0.68      0.63        37
          50       0.83      0.61      0.70        33
          51       0.70      0.76      0.73        41
          52       0.66      0.94      0.77        31
          53       0.62      0.62      0.62        26
          54       0.69      0.64      0.67        28
          55       0.56      0.71      0.63        28
          56       0.46      0.68      0.55        25
          57       0.38      0.88      0.53        33
          58       0.59      0.54      0.56        37
          59       0.54      0.65      0.59        23
          60       1.00      0.50      0.67        30
          61       0.63      0.59      0.61        29
          62       0.88      0.33      0.48        21
          63       0.42      0.88      0.57        16
          64       0.83      0.52      0.64        29
          65       1.00      0.57      0.73        28
          66       0.91      0.64      0.75        33
          67       0.67      0.30      0.41        20
          68       0.52      0.42      0.47        33
          69       1.00      0.70      0.82        20
          70       1.00      0.53      0.70        15
          71       0.65      0.71      0.68        21
          72       0.81      0.65      0.72        20
          73       1.00      0.43      0.60        30
          74       0.88      0.52      0.65        29
          75       0.71      0.52      0.60        29
          76       0.71      0.46      0.56        37
          77       0.67      0.83      0.74        12
          78       0.82      0.84      0.83        38
          79       0.93      0.42      0.58        31
          80       0.50      0.62      0.55        34
          81       0.55      0.57      0.56        30
          82       0.85      0.57      0.69        40
          83       0.77      0.70      0.73        33
          84       0.70      0.67      0.68        21
          85       0.53      0.67      0.59        36
          86       0.77      0.66      0.71        41
          87       0.55      0.72      0.62        32
          88       0.95      0.37      0.53        49
          89       0.45      0.68      0.54        28
          90       0.81      0.50      0.62        44
          91       0.57      0.52      0.54        31
          92       0.58      0.45      0.51        31
          93       0.55      0.41      0.47        41
          94       0.36      0.63      0.46        38
          95       0.19      0.69      0.30        32
          96       0.94      0.49      0.64        35
          97       0.40      0.67      0.50        45
          98       0.79      0.32      0.46        34
          99       0.65      0.51      0.57        43
         100       0.73      0.71      0.72        34
         101       0.64      0.60      0.62        35
         102       0.65      0.72      0.68        43
         103       0.75      0.82      0.78        44
         104       0.41      0.79      0.54        33
         105       0.38      0.85      0.53        48
         106       0.62      0.75      0.68        32
         107       0.94      0.74      0.83        42
         108       0.62      0.74      0.68        35
         109       0.95      0.71      0.82        28
         110       0.94      0.57      0.71        30
         111       0.89      0.52      0.65        31
         112       0.75      0.35      0.48        34
         113       0.38      0.67      0.49        27
         114       0.58      0.58      0.58        36
         115       0.29      0.67      0.41        30
         116       0.88      0.61      0.72        36
         117       0.48      0.61      0.54        36
         118       0.77      0.74      0.75        27
         119       0.70      0.88      0.78        26

    accuracy                           0.59      3849
   macro avg       0.69      0.60      0.60      3849
weighted avg       0.69      0.59      0.60      3849
